6
6
6
6
6
6
6
6
6
6
6
6
7
10
15
21
28
36
45
55
64
72
72
72
72
72
72
72
72
72
72
72
72
72
72
72
72
73
75
76
76
76
76
79
84
91
95
98
99
99
99
99
99
99
99
99
99
99
99
99
99
99
99
99
99
99
99
99
99
99
99
99
99
99
100
103
108
115
124
130
134
137
138
138
138
138
138
138
138
138
138
138
138
138
138
138
138
138
138
138
138
138
139
141
146
153
153
153
153
153
153
153
153
153
153
153
153
153
153
153
153
155
159
165
171
175
177
182
188
194
202
212
226
243
261
278
293
304
312
318
322
324
326
326
326
326
326
326
333
338
342
345
347
348
348
348
348
348
348
348
348
348
348
348
348
348
348
348
348
348
348
348
348
348
348
348
348
348
349
351
353
354
354
354
354
354
354
354
354
354
354
354
354
354
354
354
355
357
360
364
369
375
381
386
390
393
395
396
398
401
404
404
404
404
404
404
404
404
404
404
404
404
404
404
404
404
404
404
404
404
404
405
405
405
405
407
411
415
418
419
420
421
422
422
422
422
422
422
422
422
422
422
422
422
422
422
422
422
422
422
422
422
422
422
422
422
422
422
422
422
422
422
422
422
428
433
437
440
442
443
443
443
443
443
443
443
443
443
443
443
443
443
443
443
56000011
